1691348522063 0.6832858920097351 0
1691348523239 0.8159099221229553 1
1691348524428 0.864159345626831 2
1691348525603 0.9002845287322998 3
1691348526707 0.9174811244010925 4
1691348527869 0.9294816255569458 5
1691348529320 0.9361622929573059 6
1691348530788 0.9443275928497314 7
1691348532176 0.9459359049797058 8
1691348533760 0.9490288496017456 9
1691348535565 0.9507608413696289 10
1691348537228 0.9507608413696289 11
1691348538571 0.9522454738616943 12
1691348540188 0.9545960426330566 13
1691348541658 0.9573178291320801 14
1691348543095 0.9547197818756104 15
1691348544742 0.9569466710090637 16
1691348546345 0.9583075642585754 17
1691348547847 0.9578126668930054 18
1691348549431 0.9557095170021057 19
