1691348522063 1.4206736087799072 0
1691348523239 0.7849234938621521 1
1691348524428 0.5582489371299744 2
1691348525603 0.41523608565330505 3
1691348526707 0.3349481225013733 4
1691348527869 0.2748902142047882 5
1691348529320 0.24310816824436188 6
1691348530788 0.21759116649627686 7
1691348532176 0.1947946846485138 8
1691348533760 0.1809617429971695 9
1691348535565 0.17777542769908905 10
1691348537228 0.17232337594032288 11
1691348538571 0.1711505800485611 12
1691348540188 0.16567377746105194 13
1691348541658 0.1527332216501236 14
1691348543095 0.15558360517024994 15
1691348544742 0.156855970621109 16
1691348546345 0.14879938960075378 17
1691348547847 0.14589367806911469 18
1691348549431 0.15709351003170013 19
